ID	Description	GeneRatio	BgRatio	RichFactor	FoldEnrichment	zScore	pvalue	p.adjust	qvalue	geneID	Count
GO:0043021	GO:0043021	ribonucleoprotein complex binding	16/487	202/21092	0.0792079207920792	3.43049992884299	5.33615989449525	1.98900648565413e-05	0.0140622758535747	0.0132111904468185	PES1/DDX17/PRMT5/PRPF6/TIMM50/PRPF31/EIF1B/EIF5A/SERBP1/MALSU1/ZNF598/PPP1CA/ZNF622/EIF1/EIF3K/BOP1	16
GO:0031593	GO:0031593	polyubiquitin modification-dependent protein binding	8/487	68/21092	0.117647058823529	5.09530136489914	5.20007258255003	0.000167349299368178	0.0430122146781824	0.0404090038888306	RNF31/UBAC1/UBL7/BABAM2/RAD23A/SHARPIN/UBQLN2/IKBKG	8
GO:0003743	GO:0003743	translation initiation factor activity	7/487	52/21092	0.134615384615385	5.83020060022113	5.36130764287495	0.000182512933570788	0.0430122146781824	0.0404090038888306	EIF2B1/EIF1B/EIF2B2/EIF2B5/EIF3M/EIF1/EIF3K	7
